FX_DEPTH = 1081.3720703125
FY_DEPTH = 1081.3720703125
CX_DEPTH = 959.5
CY_DEPTH = 539.5